Configuration(0.8, 0.8, 0)
Configuration(1.0, 0.8, 0)
Configuration(1.2, 0.8, 0)
Configuration(1.4000000000000001, 0.8, 0)
Configuration(1.6, 0.8, 0)
Configuration(1.8, 0.8, 0)
Configuration(2.0, 0.8, 0)
Configuration(2.2, 0.8, 0)
Configuration(2.4000000000000004, 0.8, 0)
Configuration(2.6000000000000005, 0.8, 0)
Configuration(2.6000000000000005, 0.8, 1.5707963267948966)
Configuration(2.6000000000000005, 1.0, 0)
Configuration(2.6000000000000005, 1.2, 0)
Configuration(2.6000000000000005, 1.2, -1.5707963267948966)
Configuration(2.8000000000000003, 1.2, 0)
Configuration(3.0000000000000004, 1.2, 0)
Configuration(3.2, 1.2, 0)
Configuration(3.4000000000000004, 1.2, 0)
Configuration(3.4000000000000004, 1.2, 1.5707963267948966)
Configuration(3.4000000000000004, 1.4000000000000001, 0)
Configuration(3.4000000000000004, 1.6, 0)
Configuration(3.4000000000000004, 1.8, 0)
Configuration(3.4000000000000004, 2.0, 0)
Configuration(3.4000000000000004, 2.2, 0)
Configuration(3.4000000000000004, 2.4000000000000004, 0)
Configuration(3.4000000000000004, 2.6000000000000005, 0)
Configuration(3.4000000000000004, 2.8000000000000003, 0)
Configuration(3.4000000000000004, 3.0000000000000004, 0)
Configuration(3.4000000000000004, 3.2, 0)
Configuration(3.4000000000000004, 3.4000000000000004, 0)
Configuration(3.4000000000000004, 3.6000000000000005, 0)
Configuration(3.4000000000000004, 3.8000000000000003, 0)
Configuration(3.4000000000000004, 4.0, 0)
Configuration(3.4000000000000004, 4.2, 0)
Configuration(3.4000000000000004, 4.4, 90.0)
